8892
17903
166946
346155
346359
623154
1259047
1326776
1399127
1399127
1672516
1672516
1954635
2291580
2443008
3442618
3462258
3526370
3608634
3608634
3608634
3608634
3608634
3608634
3608634
3814535
3923138
4073109
4073109
4101726
4127849
4127849
4494590
4707623
5002072
5002072
5227253
5227253
5227253
5233970
5256027
5541832
5944309
6071155
6547932
7156328
7489935
7489935
7672644
7833153
8276069
8412751
8525994
8525994
8525994
8960206
9032915
9146478
9160808
9187204
9421531
9821576
9986743
9998970
10135031
10135031
10203544
10256862
10420861
10849201
10906897
11231526
11338183
11338602
11367384
11572575
11572575
11572575
11620237
11620237
11620237
11620237
11635467
11651218
11670167
11726083
11736343
11736343
11736343
11736343
11736343
11736343
11819441
11850941
11893431
11925151
11951253
11989983
11989983
11989983
11996791
11996791
12050872
12065581
12088794
12088794
12088794
12088794
12088794
12089254
12090335
12090361
12090568
12090568
12090568
12090568
12090568
12090568
12090568
12094476
12094746
12094746
12094746
12094746
12094746
12094746
12115012
12126525
12208189
12220389
12304846
12319575
12319575
12344102
12368736
12368736
12402956
12411995
12412868
12430874
12432475
12433111
12433560
12440525
12441723
12459098
12463578
12466441
12519766
12663687
12722205
12748084
12762474
12762474
12762474
12762474
12824092
12984818
13243210
13481220
13578584
13585915
13605832
13751500
13901531
13929803
13977922
13979184
14008664
14016169
14016169
14016657
14037771
14037771
14037771
14037771
14037771
14037771
14037771
14055826
14055826
14056581
14059512
14079452
14079452
14107949
14110230
14128259
14189855
14189959
14189959
14191930
14192057
14195229
14195229
14262282
14262284
14262286
14263407
14275829
14334388
14359000
14372070
14372070
14372070
14372070
14372070
14372070
14372070
14372070
14372070
14375169
14380909
14381064
14400394
14400394
14421620
14452418
14460351
14479036
14496907
14498994
14503666
14503666
14513848
14534417
14534417
14539546
14540841
14555893
14555893
14556797
14561746
14561746
14568695
14573630
14577933
14581571
14587844
14587844
14592574
14592574
14595954
14600941
14602766
14602766
14604189
14604537
14607733
14608590
14608590
14608590
14608590
14608590
14608590
14608590
14608590
14608590
14616099
14617808
14618470
14619082
14619273
14619273
14619273
14619534
14622434
14623588
14624366
14624366
14625707
14625707
14627492
14629089
14629089
14629089
14629089
14631279
14631580
14642017
14642017
14642017
14643738
14649125
14649125
14649125
14649756
14654078
14654078
14654078
14654078
14654078
14654078
14654647
14654647
14664568
14666016
14666016
14666413
14666413
14666413
14679695
14694993
14736682
14749159
14760521
14760523
14770628
14775603
14782330
14782330
14787027
14787027
14803332
14811049
14815609
14815609
14824135
14842830
14842830
14863545
14863545
14863545
14868945
14869061
14869094
14898697
14907861
14909289
14914225
14914930
14914930
14917145
14927379
14928724
14928724
14928724
14934653
14963511
14968242
14968242
14968242
14985081
14991046
14993417
15000800
15001186
15001866
15002027
15017046
15017046
15018763
15031140
15041223
15041223
15041223
15042481
15050672
15058311
15058311
15058311
15071223
15077494
15077494
15077494
15077494
15077494
15098186
15101265
15137431
15145968
15166454
15166696
15181527
15186244
15186244
15187201
15187201
15187201
15196096
15197312
15208113
15209251
15209251
15220803
15221574
15222124
15270408
15273082
15291735
15297419
15305042
15326989
15330916
15332278
15353724
15353967
15356090
15358943
15364801
15383883
15385097
15385632
15388107
15400258
15402374
15409171
15422860
15431882
15471350
15473547
15473547
15481311
15488163
15489974
15489974
15507765
15507765
15510667
15549541
15550387
15585864
15623964
15703603
15705244
15718734
15760139
15764200
15764200
15764200
15764200
15765237
15765237
15767240
15768009
15770218
15771094
15771094
15772441
15776984
15776984
15787197
15796925
15919624
15920113
15922154
15922154
15935376
15945956
15959214
15959214
15966752
15970542
15991829
16000646
16000646
16031726
16040883
16047784
16047784
16047784
16109440
16156619
16174790
16203870
16212571
16221936
16238256
16253980
16255131
16317106
16322575
16409519
16417835
16417835
16453049
16489322
16511537
16516822
16539575
16542616
16568516
16611436
16640792
16640792
16884313
16923521
16923521
16950238
17054503
17059749
17073228
17079325
17200240
17205750
17228065
17272168
17274624
17320599
17343770
17351047
17408394
17493882
17503160
17539668
17669707
17788637
17821289
17845863
17980075
18014622
18016859
18076910
18136151
18166454
18182121
18184460
18184776
18404604
18404604
18437723
18464758
18464758
18465385
18499266
18499385
18501457
18501457
18527123
18595054
18652877
18709107
18732449
18732449
18750181
18787317
18787317
18795062
18795062
18803464
18804681
18838882
18857343
18878537
18897917
18898159
18899692
18903267
18969880
18989724
18995859
18998509
19009343
19048216
19048241
19050356
19050356
19064644
19069268
19082713
19091078
19143192
19143192
19143192
19206004
19207495
19216805
19245413
19327315
19327315
19332456
19579581
19663882
19681806
19712280
19715934
19860385
19868599
19902326
20038407
20803741
20986523
21026547
21146835
21146837
21146941
21147005
21147206
21239447
21367916
21367916
21390501
21677630
21683958
21834629
21931569
22214275
22349515
22373513
